
F# id	file_path	transparent_color_r	g	b
[TEXTURES]
0	textures\mario.png	0	255	255
20	textures\misc.png	166	185	255

30	textures\tiles.png	255	128	192
40	textures\enemies.png	163	73	164
50	textures\enemies-2.png	0	128	128
60	textures\enemies-2NGUOC.png	0	130	130

# id	left	top	right	bottom	texture_id
[SPRITES]


#============== Đường ================
20001	222	222	238	238	30
20002	239	222	255	238	30
20003	256	222	272	238	30


20004	426	256	442	272	30
20005	443	256	459	272	30

20006	426	239	442	255	30
20007	443	239	459	255	30

#==== quả bóng
20008	677	196	685	205	40
20009	688	197	696	205	40
20010	699	196	707	205	40
20011	709	196	718	205	40

#răng
20012	222	171	238	187	30

#============= BỤI CÂY ===============
#width 15 height 16
70001	138	1	153	17	30
70002	154	1	169	17	30
#width 16 height 16
70003	137	18	153	34	30
70004	154	18	170	34	30
70005	137	35	153	51	30
70006	154	35	170	51	30
70007	137	52	153	68	30

#=====goomba bình thường=========
40001	598	812	616	826	40
40002	617	812	635	826	40
40003	35	351	51	360	40

# goomba có cánh
400014	12	368	32	387	40
400015	34	363	54	387	40

	
#chuông chữ p
400016	156	144	172	160	20
400018	178	144	194	160	20
400017	200	153	216	160	20

#đồng xu+=========+++=++=
1141	294	101	302	115	20
1142	311	101	312	115	20
1143	321	101	325	115	20
1144	334	100	348	116	20
1145	357	100	363	116	20

#----Khúc tam giác đen
88001	103	52	119	68	30
#----cục đen bình thường
88002	120	52	136	68	30
# -----Bụi cây đen
880001	103	1	119	17	30
880002	120	1	136	17	30
880003	103	18	119	34	30
880004	120	18	136	34	30
880005	103	35	119	51	30
880006	120	35	136	51	30
880007	120	52	119	68	30	


#========== MARIO LỚN ===============
# Đứng yên bên phải
10001	197	48	211	75	0
# Đi
10002	214	48	230	75	0		
10003	233	49	249	75	0
# Đứng yên trái
10011	1469	47	1483	74	0
# Đi bên trái
10012	1450	47	1466	74	0
10013	1431	48	1447	74	0
# Chết
10099	402	8	418	24	0
# Ngừng phải
05001	451	48	466	75	0
# Ngừng trái
05015	1214	47	1229	74	0

# Nhảy phải
08014	271	49	287	75	0
# Nhảy trái
08002	1393	48	1409	74	0

# Đá phải
08015	488	48	509	75	0

# Đá trái
08001	1171	47	1192	74	0

#Ngồi phải
1000001	379	57	393	75	0

#Ngồi trái
1000002	1287	56	1301	74	0	

#Cầm rùa phải:
44006	451	48	466	75	0
44007	469	49	485	75	0

#cầm rùa trái:
44008	1214	47	1229	74	0
44009	1195	48	1211	74	0

#============== MARIO NHỎ ===============
# Đứng yên phải
10021	259	9	271	24	0
# Đi phải
10022	274	8	289	24	0
10023	346	8	362	24	0
# Đứng yên trái
10031	1409	8	1421	23	0
# Đi trái
10032	1391	7	1406	23	0
10033	1318	7	1334	23	0
# Nhảy phải
3013	309	8	325	24	0
# Nhảy trái
3002	1355	7	1371	23	0
# Ngừng bên phải
01001	6	0	26	14	0
# Ngừng bên trái
01015	426	0	440	16	0
#Nhảy Phải
#01016	309	8
	
# cầm rùa phải
44001	421	8	435	24	0
44002	438	8	453	24	0

#cầm rùa trái
44004	1245	7	1259	23	0
44005	1227	7	1242	23	0



#=================MARIO LỬA =============
# Đứng yên phải
11009	206	109	220	136	0

# Đi phải
11010	223	109	239	136	0
11011	242	110	258	136	0


# Đứng yên trái
11007	1460	108	1474	135	0


# Đi trái
11006	1441	108	1457	135	0
11005	1422	109	1438	135	0

# Nhảy phải
14002 	314	110	330	136	0

# Nhảy trái
14014	1350 	109	1366	135	0

# Ngừng phải
11001	5	394	21	422	0

# Ngừng trái
11015	425	394	441	422	0
	


#============= MARIO ĐUÔI ==============
# Đứng yên phải
17009	80	142	101	170	0
# Đi phải 
11110	104	142	126	170	0
11111	129	143	152	170	0

# Đứng yên trái

17007	1579	141	1600	169	0
# cầm rùa trái
17006	1068	141	1090	169	0
17005	1042	142	1065	169	0
# Nhảy phải
20014	257	143	280	170	0

# Nhảy trái
200002	1400	142	1423	169	0

# Ngừng phải 
17001	5 	633	21	663	0

# Ngừng trái
17015	425	633	441	663	0

#Ngồi phải
170009	522	152	544	170	0
#Ngồi trái
1700010	1136	151	1158	169	0

#bay phải:
1700011	441	143	465	170	0
1700012	468	143	492	170	0
1700013	495	142	519	170	0

#bay trái:
1700014	1215	142	1239	169	0
1700015	1188	142	1212	169	0
1700016	1161	141	1185	169	0

#đi trái:
44010	1554	141	1576	169	0
44011	1528	142	1551	169	0

# cầm rùa phải
44012	566	142	587	170	0
44013	590	142	612	170	0

#xoay
44020	174	142	190	170	0
44021	1464	141	1487	169	0
44022	219	142	235	170	0
44023	193	142	216	170	0


#=====xoay=====
1700017	174	142	190	170	0

#vẫn đuôi phải
44030	283	143	306	170	0
44031	309	143	332	170	0
44032	335	142	357	170	0

#vẫy đuôi trái
440033	1374	142	1397	169	0
440034	1348	142	1371	169	0
440035	1323	141	1345	169	0

#chạy trái
440036	387	142	411	170	0
440037	414	143	438	170	0

#chạy phải
440038	1269	141	1293	169	0
440039	1242	142	1266	169	0



#============ MARIO LỬA ================
# Đứng yên phải
11009	206	109	220	136	0

# Đi phải
11010	223	109	239	136	0
11011	242	110	258	136	0

# Đứng yên trái
11007	1460	108	1474	135	0


# Đi trái
11006	1441	108	1457	135	0
11005	1422	109	1438	135	0

# Nhảy phải
14002 	314	110	330	136	0

# Nhảy trái
14014	1350	109	1366	135	0

# Ngừng phải
11001	477	109	491	136	0

# Ngừng trái
11015	1189	108	1203	135	0

#cầm rùa phải
44014	494	109	509	136	0
44015	512	110	528	136	0

#cầm rùa trái
44016	1171	108	1186	135	0
44017	1152	109	1168	135	0

#=======gạch câu hỏi========
3001	157	188	173	204	20
30002	176	188	192	204	20
3003	196	188	212	204	20
3004	235	188	251	204	20

#======= Gạch có thể vỡ========
50070	274	188	290	204	20
50071	293	188	309	204	20
50072	312	188	328	204	20
50073	331	188	347	204	20

#=== =====RÙA ĐỎ ===
# Đi trái
60060	222	164	238	190	50
60061	205	163	221	190	50

# Đi phải

# Chết
# Hồi sinh
60040	213	225	267	309	60

#rùa xanh
#đi phải
66070	296	192	312	218	60
66071	313	191	329	218	60
#đi trái
66072	331	191	347	218	60
66073	348	192	364	218	60

#cái vỏ
66080	239	202	255	218	50
#cái vỏ đi
66081	256	202	272	218	50
66082	273	202	289	218	50
	
#rùa xanh cánh
#bay phải:
66074	262	249	278	276	60
66075	279	249	295	276	60
66076	296	250	312	276	60
66077	313	248	329	276	60
#bay trái
66078	256	249	272	276	50
66079	239	249	255	276	50	
	




#=========== CÂY nhỏ====================
80001	222	205	238	221	30

#=== MÂY (left to right, top to bottom) ====
# width 16, height 15
90061	188	189	204	204	30
90062	205	189	221	204	30
# width 15, height 8
90063	189	205	204	213	30
# width 15, height 7
90064	205	205	220	212	30

# Gạch màu hồng (từ dưới lên)
50020	1	86	17	102	30
50021	18	86	34	102	30
50022	35	86	51	102	30
50023	1	69	17	85	30
50024	18	69	34	85	30
50025	35	69	51	85	30
50026	1	52	17	68	30
50027	18	52	34	68	30
50028	35	52	51	68	30

# Gạch màu xanh dương (từ dưới lên)
50030	52	86	68	102	30
50031	69	86	85	102	30
50032	86	86	102	102	30
50033	52	69	68	85	30
50034	69	69	85	85	30
50035	86	69	102	85	30
50036	52	52	68	68	30
50037	69	52	85	68	30
50038	86	52	102	68	30

#ong khoi co cay
					
50040	427	188	442	204	30
50041	443	188	459	204	30
50042	460	188	475	204	30
50043	426	171	442	187	30
50044	443	171	459	187	30
50045	460	171	475	187	30
50046	426	154	442	170	30
50047	443	154	459	170	30
50048	460	154	475	170	30

# Gạch màu xanh lá (từ dưới lên)
50050	52	35	68	51	30
50051	69	35	85	51	30
50052	86	35	102	51	30
50053	52	18	68	34	30
50054	69	18	85	34	30
50055	86	18	102	34	30
50056	52	1	68	17	30
50057	69	1	85	17	30
50058	86	1	102	17	30

#============= BÓNG ĐEN =================
#width 8 height 8
90011	103	103	111	111	30
#width 8 height 16
90012	103	86	111	102	30
#width 8 height 8
90013	103	77	111	85	30

# Gạch màu trắng (từ dưới lên)
500040	1	35	17	51	30
500041	18	35	34	51	30
500042	35	35	51	51	30
500043	1	18	17	34	30
500044	18	18	34	34	30
500045	35	18	51	34	30
500046	1	1	17	17	30
500047	18	1	34	17	30
500048	35	1	51	17	30

# cục gạch cứng
500081	324	171	340	187	30

#=== RÙA ĐỎ ===
# Đi trái
60060	222	164	238	190	50
60061	205	163	221	190	50

# Đi phải
60062	296	164	312	190	60
60063	313	163	329	190	60
	
# Chết
60064	279	174	295	190	60
# Hồi sinh
60065	228	174	244	190	60
60066	245	174	261	190	60
60067	262	174	278	190	60	

#=====Rùa xanh


#----hoa-----
#--hoa đỏ---
#hoa nhìn trái
40010	290	91	306	123	50
40011	273	91	289	123	50

#hoa bắn lửa trái:
40014	273	91	289	123	50

#hoa nhìn phải
40012	228	91	244	123	60
40013	245	91	261	123	60

#hoa bắn lửa phải
40015	245	91	261	123	60

#--hoa xanh
#hoa nhìn trái
#mặt bắn đạn
40016	307	91	323	123	50

40017	324	91	340	123	50
# hoa bắn lửa trái
40018 307	91	323	123	50

#hoa nhìn phải
40019	194	91	210	123	60
40020	211	91	227	123	60
#hoa bắn lửa phải
40021	211	91	227	123	60

#hoa k bắn lửa
#hoa không bắn lửa
#chụm
40030	341	91	357	123	50
#mở
40031	358	92	374	123	50


#nấm
4490	156	121	172	137	20

#lá
4491	180	123	196	137	20


# ani_id	sprite1_id	time1	sprite2_id	time2	...
[ANIMATIONS]



# ==== Đường =========
601	20001	100
602	20002	100
603	20003	100

604	20004	100
605	20005	100

606	20006	100
607	20007	100

#======đồng xu====+++++++++

1141	1141	100	1142	100	1143	100	1144	100	1145	100

# ==== BỤI CÂY ====
# Lần lượt trên xuống
1001	70001	100
1002	70002	100
1003	70003	100
1004	70004	100
1005	70005	100
1006	70006	100
1007	70007	100

# ===== CÂY ====
1051	80001	100

#quả bóng:
208	20008	100	20009	1000	20010	100	20011	100

#răng
209	20012	100

#goomba
40	40001	100	40002	100
41	40003	100
42	400014	200	400015	200

#===== GẠCH VỠ ==== 
670	50070	200	50071	200	50072	200	50073	200
						
#chuông chữ P
400016	400016	100	400018	100
400017	400017	100

# ==== MARIO =========
# Đứng yên phải
400	10001	100
# Đứng yên trái
401	10011	100
# Nhỏ đứng yên phải
402	10021	100
# Nhỏ đứng yên trái
403	10031	100
# Lớn đi bộ phải
500	10001	60	10002	60	10003	60
# Lớn đi bộ trái
501	10011	50	10012	50	10013	50
# Nhỏ đi bộ phải
502	10021	100	10022	100	10023	100
# Nhỏ đi bộ trái
503	10031	100	10032	100	10033	100
# Chết
599	10099	100
# Lớn dừng phải
504	05001	100
# Lớn dừng trái
505	05015	100
# Lớn nhảy phải
506	08014	500
# Lớn nhảy trái
507 	08002	500
# Nhỏ nhảy phải
508	3013	100
# Nhỏ nhảy trái
509	3002	100
# Lớn đá phải
510	08001	200
# Lớn đá trái
511	08015	200
# Nhỏ ngừng phải
512	01001	100
# Nhỏ ngừng trái
513	01015	100

#lớn ngồi phải
4000	1000001	100
4001	1000002	100

#nhỏ cầm rùa trái:
440001	44001	100	44002	100

#nhỏ cầm rùa phải
440002	44004	100	44005	100

#lớn cầm rùa phải
440003	44006	100	44007	100
440004	44008	100	44009	100



#========== MARIO ĐUÔI ============
# Đứng yên phải
550	17009	100
# Đứng yên trái
551	17007	100
# Đi bộ phải
560	11110	100	11111	100
# Đi bộ trái
561	17006	100	17005	100
# Nhảy phải
562	20014	100
# Nhảy trái
563	200002	100
# Đứng yên phải
564	17001	100
# Đứng yên trái
565	17015	100

#ngồi phải
17009	170009	100

#ngồi trái
170010	1700010	100

#bay phải:
170011	1700011	100	1700012	100	1700013	100
170012	1700014	100	1700015	100	1700016	100

#đi trái
440005	44010	100	44011	100
#cầm rùa phải
440006	44012	100	44013	100

#xoay 
440020	44020	200	44021	200	44022	200	44023	200

#vẫy đuôi phải:
440030	44030	100	44031	100	44032	100
#vẫy đuôi trái 
440031	440033	100	440034	100	440035	100

#chạy trái
440032	440036	100	440037	100

#chạy phải
440033	440038	100	440039	100

# ========= MARIO LỬA ===========
# Lửa đứng yên phải
530	11009	100
# Lửa đứng yên trái
531	11007	100
# Đi bộ phải
5040	11010	100	11011	100
# Đi bộ trái
5041	11006	100	11005	100
# Nhảy phải
5042	14002	100
# Nhảy trái
5043	14014	100
# Ngừng phải
5044	11001	100
# Ngừng trái
5045	11015	100

#cầm rùa phải
44007	44014	100	44015	100
#cầm rùa phải
44008	44016	100	44017	100



# Gạch xanh dương
630	50030	100
631	50031	100
632	50032	100
633	50033	100
634	50034	100
635	50035	100
636	50036	100
637	50037	100
638	50038	100

# Gạch hồng
620	50020	100
621	50021	100
622	50022	100
623	50023	100
624	50024	100
625	50025	100
626	50026	100
627	50027	100
628	50028	100

#ong co cay
540	50040	100
541	50041	100
542	50042	100
543	50043	100
544	50044	100
545	50045	100
546	50046	100
547	50047	100
548	50048	100

#khúc đen tam giác
8801	88001	100
#cục đen bt
8802	88002	100
#cây
88001	880001	100
88002	880002	100
88003	880003	100
88004	880004	100
88005	880005	100
88006	880006	100
88007	880007	100


#=== MÂY ====
2010	90061	100
2011	90062	100
2012	90063	100
2013	90064	100

# Gạch xanh lá
650	50050	100
651	50051	100
652	50052	100
653	50053	100
654	50054	100
655	50055	100
656	50056	100
657	50057	100
658	50058	100

# === BÓNG GẠCH ===
1071	90011	100
1072	90012	100
1073	90013	100


# Gạch trắng
640	500040	100
641	500041	100
642	500042	100
643	500043	100
644	500044	100
645	500045	100
646	500046	100
647	500047	100
648	500048	100

# cục gạch cứng
5081	500081	100
# gạch hỏi chấm
395	3001	1000	30002	100	3003	100
396	3004	100

#rùa đỏ
#đi trái
6060	60060	100	60061	100
#đi phải
6061	60062	100	60063	100
#chết
6062	60064	100
#hồi sinh
6063	60065	100	60066	100	60067	100
# vỏ đi trái
6064	60065	100	60066	100	60067	100
#vỏ đi phải
6065	60065	100	60066	100	60067	100

#rùa xanh 
#đi trái
66072	66072	100	66073	100
#đi phải:
66070	66070	100	66071	100
#bay trái
66078	66078	100	66079	100
#bay phải
66074	66074	100	66075	100

#vỏ
66080	66080	100
#vỏ đi
66082	66081	100	66082	100

#=======hoa====
#đỏ

#nhìn trái
4010	40010	100	40011	100
#bắn lửa trái
4012	40014	100
#nhìn phải
4011	40012	100	40013	100
#hoa bắn lửa phải
4013	40015	100

#xanh:
#nhìn trái
4014	40016	100	40017	100
#nhìn phải
4015	40019	100	40020	100
#mặt bắn đạn trái
4016	40016	100
#mặt bắn đạn phải
4017	40021	100

#chụm
4018	40030	100	40031	100
#mở
4019	40031	100	40030	100


#nấm
4490	4490	100
#lá
4491	4491	100

# id	ani1	ani2	ani3
#
[ANIMATION_SETS]
# MARIO
#  lđứng yên phải 0,   lđứng yên trái 1,  nđứng yên phải 2, n đứng yên trái 3, l đi bộ phải 4, l đi bộ trái 5
# n đi bộ phải 6, n đi bộ phải 7, chết 8, l dừng phải 9, l dừng trái 10, l nhảy phải 11, l nhảy trái 12, n nhảy phải 13
#n nhảy trái 14,  l đá phải 15, l đá trái 16, n dừng phải 17, n dừng trai 18
# đuôi: đứng yên phải 19, đứng yên trái 20, đi bộ phải 21, đi bộ trái 22, nhảy phải 23, nhảy trái 24, nhừng phải 25, ngừng trái 26.
#lửa: đứng yên phải 27, đứng yên trái 28, đi bộ phải 29, đi bộ trái 30, nhảy phải 31, nhảy trái 32, nhừng phải 33, nhừng trái 34
#ngồi: lớn ngồi phải 35, lớn ngồi trái 36, đuôi ngồi phải 37, đuôi ngồi trái 38
#đuôi bay phải 39, đuôi nay trái 40
#nhỏ cầm rùa trái 41, nhỏ cầm rùa phải 42, đuôi đi trái 45, đuôi cầm phải 46
#lớn cầm rùa phải 43, lớn cầm rùa trái 44
#lửa cầm phải: 47, lửa cầm trái 48
#đuôi xoay 49. vẫy đuôi phải 50, vẫy đuôi trái 51, chạy phải 52, chạy trái 53

1	400	401	402	403	500	501	502	503	599	504	505	506	507	508	509	510	511	512	513	550	551	560	561	562	563	564	565	530	531	5040	5041	5042	5043	5044	5045	4000	4001	17009	170010	170011	170012	440001	440002	440003	440004	440005	440006	44007	44008	440020	440030	440031	440032	440033
601	601
602	602
603	603
	
604	604
605	605
	
606	606
607	607

#chuông chữ P
15	400016	400017

#quả bóng
208	208	

#răng
209	209

#khúc đen tam giác
8801	8801
#khúc đen bình thường
8802	8802
#cây đen
88001	88001
88002	88002
88003	88003
88004	88004
88005	88005
88006	88006
88007	88007


#===đồng xu====+++++
1142	1141	1141
1141	1141


#goomba
4	40	41
14	40	41	42

#rùa đỏ : Koopas 7
#đi phải, đi trái, chết, hồi sinh., 6 xanh đi trái, 7 x phải, 8: bay trái, 9 bay phải, 10 vỏ, 11 vỏ đi
7	6060	6061	6062	6063	6064	6065	66072	66070	66078	66074	66080	66082	
# rùa xanh
100	6060	6061	6062	6063	6064	6065	66072	66070	66078	66074	66080	66082		

#rùa có cánh
200	6060	6061	6062	6063	6064	6065	66072	66070	66078	66074	66080	66082		

#===hoa đỏ 8
8	4010	4011	4012	4013
#==hoa xanh 88
88	4014	4015	4016	4017

#hoa xanh k bắn lửa 888
888	4018	4019

#gạch vỡ 
5	670	1141

#===gạch chấm hỏi
395	395	396
396	396	396


#Cay bu
1001	1001
1002	1002
1003	1003
1004	1004
1005	1005
1006	1006
1007	1007


#gach hong
620	620
621	621
622	622
623	623
624	624
625	625
626	626
627	627
628	628


#cay nho
1051	1051

#may
2010	2010
2011	2011
2012	2012
2013	2013

#gach xanh
630	630
631	631
632	632
633	633
634	634
635	635
636	636
637	637
638	638

#ong co cay
	
540	540
541	541
542	542
543	543
544	544
545	545
546	546
547	547
548	548

#gach xanh la
650	650
651	651
652	652
653	653
654	654
655	655
656	656
657	657
658	658

#bóng đen
1071	1071
1072	1072
1073	1073

#gach trang
640	640
641	641
642	642
643	643
644	644
645	645
646	646
647	647
648	648

# gạch cứng
5081	5081

#nấm
4490	4490
#lá
4491	4491


[OBJECTS]
# type	x	y	ani_set_id	extra_settings per object type
# type: 0 = Mario , 1 = Brick, 2 = tree
# MARIO

#Đường
1	-16	140	601
1	0	150	601
1	16	150	602
1	32	150	602
1	48	150	602
1	64	150	602
1	80	150	602
1	96	150	602
1	112	150	602
1	128	150	602
1	144	150	602
1	160	150	602
1	176	150	602
1	192	150	602
1	208	150	602
1	224	150	602
1	240	150	602
1	256	150	602
1	272	150	602
1	288	150	602
1	304	150	602
1	320	150	602
1	336	150	602
1	352	150	602
1	368	150	602
1	384	150	602
1	400	150	602
1	416	150	602
1	432	150	602
1	448	150	602
1	416	150	602
1	432	150	602
1	448	150	602
1	464	150	602
1	480	150	602
1	496	150	602
1	512	150	602
1	528	150	602
1	544	150	602
1	560	150	602
1	576	150	602
1	592	150	602
1	608	150	602
1	624	150	602
1	640	150	602
1	656	150	602
1	672	150	602
1	688	150	602
1	704	150	602
1	720	150	602
1	736	150	603
1	752	150	604
1	752	134	601


#khúc đường lên

1	768	150	604
1	784	150	604

# gạch hỏi chấm--(khúc đường lên)---
#lá

3	768	134	395

#đồng xu 2
12	852	87	1141
#gạch hỏi chấm đầu tiên đường lên
12	800	118	4491
3	800	118	395
---

1	800	150	604
1	816	150	604
1	832	150	604
1	848	150	604
1	864	150	604
1	880	150	604
1	896	150	604
1	912	150	604
1	928	150	604
1	944	150	604
1	960	150	604
1	976	150	604
1	992	150	604
1	1008	150	604
1	1024	150	604
1	1040	150	604
1	1056	150	604
1	1072	150	604
1	1088	150	604
1	1104	150	604
1	1120	150	604
1	1136	150	604
1	1152	150	604
1	1168	150	604
1	1184	150	604
1	1200	150	604
1	1216	150	604
1	1232	150	604


1	751	134	601
1	768	134	602
1	784	134	602
1	800	134	602
1	816	134	602
1	832	134	602
1	848	134	602
1	864	134	602
1	880	134	602
1	896	134	602
1	912	134	602
1	928	134	602
1	944	134	602
1	960	134	602
1	976	134	602
1	992	134	602
1	1008	134	602
1	1024	134	602
1	1040	134	602
1	1056	134	602
1	1072	134	602
1	1088	134	602
1	1104	134	602
1	1120	134	602
1	1136	134	602
1	1152	134	602
1	1168	134	602
1	1184	134	602
1	1200	134	602
1	1216	134	602
1	1232	134	602

#=====Đồng xu----+++++++++
10	1232	70	1142
10	1264	38	1142
10	1296	6	1142	
10	1228	-26	1142
10	1160	-58	1142

#khúc đường thủng 1

1	1310	150	601
1	1326	150	602
1	1342	150	602
1	1358	150	602
1	1374	150	602
1	1390	150	602
1	1406	150	602
1	1422	150	602
1	1438	150	602
1	1454	150	602
1	1470	150	602
1	1486	150	602
1	1502	150	602
1	1518	150	602
1	1534	150	602
1	1550	150	602
1	1566	150	602
1	1582	150	602
1	1598	150	602
1	1614	150	602
1	1630	150	602
1	1646	150	602
1	1662	150	602
1	1630	150	602
1	1646	150	602
1	1662	150	602
1	1678	150	602
1	1694	150	602
1	1710	150	602
1	1726	150	603


#cây đầu
2	24	135	1003
2	40	135	1007
2	56	135	1007
2	72	135	1007
2	88	135	1006
2	104	135	1005
2	120	135	1007
2	136	135	1004

2	24	119	1003
2	40	119	1006
2	56	119	1005
2	72	119	1007
2	88	119	1004
2	104	119	1003
2	120	119	1006
2	136	119	1002

2	25	103	1001
2	39	103	1005
2	55	103	1004
2	72	103	1001
2	87	103	1002
2	104	103	1001
2	119	103	1002

2	40	87	1001
2	55	87	1002

#cay nho
2	184	135	1051
2	200	135	1051
2	216	135	1051

#gạch hỏi chấm----
12	200	87	1142
3	200	87	395

12	216	87	1142
3	216	87	395

3	232	55	395
#nấm
12	248	55	4490

3	248	55	395
----------


#gach xanh
2	298	135	630
2	314	135	631
2	330	135	632

2	298	119	633
2	314	119	634
2	330	119	635

2	298	103	633
2	314	103	634
2	330	103	635

2	298	87	633
2	314	87	634
2	330	87	635

6	298	71	636
6	314	71	637
6	330	71	638



#bong den
2	345	143	1071
2	345	135	1071
2	345	127	1072
2	345	119	1073
2	345	111	1072
2	345	103	1072
2	345	95	1072
2	345	87	1073

#====hoa đỏ
8	409	118	8



#ống có hoa


1	394	135	540
1	409	135	541
1	425	135	542

1	393	119	543
1	409	119	544
1	425	119	545

1	393	103	546
1	409	103	547
1	425	103	548


#test bóng


#gach hong

2	266	135	620
2	282	135	621
2	298	135	622

2	266	119	623
2	282	119	624
2	298	119	625

6	266	103	626
6	282	103	627
6	298	103	628

#bong den
2	314	143	1071
2	314	135	1071
2	314	127	1072
2	314	119	1073
2	314	111	1072


#may duoi
2	120	40	2012
2	136	40	2013
#may dau
2	120	25	2010
2	136	25	2011	

#may duoi
2	136	40	2012
2	152	40	2013
2	136	25	2010
2	152	25	2011

#may duoi
2	120	40	2012
2	136	40	2013
#may dau
2	120	25	2010
2	136	25	2011

#may bt
2	362	20	2012
2	378	20	2013
2	362	5	2010
2	378	5	2011



#gạch trắng bự
2	593	135	640
2	609	135	641
2	625	135	641
2	641	135	641
2	657	135	642

2	593	119	643
2	609	119	644
2	625	119	644
2	641	119	644
2	657	119	644
2	657	119	645

2	593	103	643
2	609	103	644
2	625	103	644
2	641	103	644
2	657	103	644
2	657	103	645


2	593	87	643
2	609	87	644
2	625	87	644
2	641	87	644
2	657	87	645

2	593	71	643
2	609	71	644
2	625	71	644
2	641	71	644
2	657	71	645

2	593	55	643
2	609	55	644
2	625	55	644
2	641	55	644
2	657	55	645

6	593	39	646
6	609	39	647
6	625	39	647
6	641	39	647
6	657	39	648

#bóng đen
2	673	143	1071
2	673	135	1071
2	673	127	1072
2	673	119	1073
2	673	111	1072
2	673	103	1072
2	673	95	1073
2	673	87	1072
2	673	71	1072
2	673	55	1072



# gach hong bu
2	545	135	620
2	561	135	621
2	577	135	621
2	593	135	622

2	545	119	623
2	561	119	624
2	577	119	624
2	593	119	625

2	545	103	623
2	561	103	624
2	577	103	624
2	593	103	625

2	545	87	623
2	561	87	624
2	577	87	624
2	593	87	625

6	545	71	626
6	561	71	627
6	577	71	627
6	593	71	628

#bóng đen
2	609	143	1071
2	609	135	1071
2	609	127	1072
2	609	119	1073
2	609	111	1072
2	609	103	1072
2	609	95	1072
2	609	87	1073




# xanh la ngang
2	465	135	650
2	481	135	651
2	497	135	651
2	513	135	651
2	529	135	651
2	545	135	652

2	465	119	653
2	481	119	654
2	497	119	654
2	513	119	654
2	529	119	654
2	545	119	655

6	465	103	656
6	481	103	657
6	497	103	657
6	513	103	657
6	529	103	657
6	545	103	658

#bong den			
2	561	143	1071
2	561	135	1071
2	561	127	1072
2	561	119	1073
2	561	111	1072

#gạch chấm hỏi
12	467	55	1142
3	467	55	395

	
#xanh lá bự
2	593	135	650
2	609	135	651
2	625	135	651
2	641	135	651
2	657	135	651
2	673	135	651
2	689	135	651
2	705	135	652

6	593	119	656
6	609	119	657
6	625	119	657
6	641	119	657
6	657	119	657
6	673	119	657
6	689	119	657
6	705	119	658

#gạch chặn rùa
#1	710	110	395
#1	589	115	395	

#bóng đen
2	721	143	1071
2	721	135	1071
2	721	127	1072

#đám 6 cây
2	820	119	1051
2	836	119	1051
2	852	119	1051
2	868	119	1051
2	884	119	1051
2	900	119	1051

#mây
2	804	20	2012
2	820	20	2013
2	804	5	2010
2	820	5	2011

#gạch câu hỏi
3	852	87	395


#cay to
2	971	119	1001
2	986	119	1005
2	1002	119	1007
2	1018	119	1007
2	1034	119	1007
2	1050	119	1007
2	1066	119	1007
2	1082	119	1004

2	986	103	1003
2	1002	103	1006
2	1018	103	1005
2	1034	103	1006
2	1050	103	1005
2	1066	103	1007
2	1082	103	1004

2	987	87	1001
2	1002	87	1002
2	1019	87	1001
2	1034	87	1005
2	1050	87	1004
2	1067	87	1001
2	1082	87	1002

2	1035	71	1001
2	1050	71	1002

2	1099	119	1001
2	1114	119	1005
2	1130	119	1007
2	1146	119	1004



2	1114	103	1003
2	1130	103	1006
2	1146	103	1002

2	1115	87	1001
2	1130	87	1002


#đám 2 cây
2	1196	119	1051
2	1212	119	1051

# đường thủng 1

#3 cây 
2	1358	135	1051
2	1374	135	1051
2	1390	135	1051

#gạch xanh
2	1514	135	630
2	1530	135	631
2	1546	135	631
2	1562	135	631
2	1578	135	631
2	1594	135	631
2	1610	135	631
2	1626	135	631
2	1642	135	632


2	1514	119	633
2	1530	119	634
2	1546	119	634
2	1562	119	634
2	1578	119	634
2	1594	119	634
2	1610	119	634
2	1626	119	634
2	1642	119	635

2	1514	103	633
2	1530	103	634
2	1546	103	634
2	1562	103	634
2	1578	103	634
2	1594	103	634
2	1610	103	634
2	1626	103	634
2	1642	103	635

2	1514	87	633
2	1530	87	634
2	1546	87	634
2	1562	87	634
2	1578	87	634
2	1594	87	634
2	1610	87	634
2	1626	87	634
2	1642	87	635

2	1514	71	633
2	1530	71	634
2	1546	71	634
2	1562	71	634
2	1578	71	634
2	1594	71	634
2	1610	71	634
2	1626	71	634
2	1642	71	635

6	1514	55	636
6	1530	55	637
6	1546	55	637
6	1562	55	637
6	1578	55	637
6	1594	55	637
6	1610	55	637
6	1626	55	637
6	1642	55	638


#răng
1	1610	-30	209
1	1626	-30	209
1	1642	-30	209
1	1658	-30	209

#răng
1	1690	-46	209
1	1706	-46	209
1	1722	-46	209
1	1738	-46	209
1	1754	-46	209
1	1770	-46	209
1	1786	-46	209
1	1802	-46	209
1	1818	-46	209
1	1834	-46	209
1	1850	-46	209
1	1866	-46	209
1	1882	-46	209

#dong su
10	1674	-100	1142
10	1690	-100	1142

10	1738	-90	1142
10	1754	-90	1142
10	1770	-90	1142
10	1786	-90	1142

10	1818	-110	1142
10	1834	-110	1142
10	1850	-110	1142
10	1866	-110	1142

#gạch trên cao
2	1466	-46	620
2	1482	-46	621
2	1498	-46	621
2	1514	-46	621
2	1530	-46	622
2	1466	-52	623
2	1482	-52	624
2	1498	-52	624
2	1514	-52	624
2	1530	-52	625
6	1466	-68	626
6	1482	-68	627
6	1498	-68	627
6	1514	-68	627
6	1530	-68	628

#dong su
10	1482	-130	1142
10	1498	-130	1142
10	1514	-130	1142

#bóng đen
2	1658	143	1071
2	1658	135	1071
2	1658	127	1072
2	1658	119	1073
2	1658	111	1072
2	1658	103	1072
2	1658	95	1072
2	1658	87	1072
2	1658	79	1072
2	1658	71	1072



#gạch hỏi chấm
12	1690	103	4491
3	1690	103	395


#gạch hồng
2	1482	135	620
2	1498	135	621
2	1514	135	621
2	1530	135	621
2	1546	135	621
2	1562	135	621
2	1578	135	621
2	1594	135	622

2	1482	119	623
2	1498	119	624
2	1514	119	624
2	1530	119	624
2	1546	119	624
2	1562	119	624
2	1578	119	624
2	1594	119	625

2	1482	103	623
2	1498	103	624
2	1514	103	624
2	1530	103	624
2	1546	103	624
2	1562	103	624
2	1578	103	624
2	1594	103	625

6	1482	87	626
6	1498	87	627
6	1514	87	627
6	1530	87	627
6	1546	87	627
6	1562	87	627
6	1578	87	627
6	1594	87	628


#bóng đen
2	1610	143	1071
2	1610	135	1071
2	1610	127	1072
2	1610	119	1073
2	1610	111	1072
2	1610	103	1072
2	1610	95	1072


#gạch xanh lá
2	1450	135	650
gạch chặn rùa
#13	1445	135	395
2	1466	135	651
2	1482	135	651
2	1498	135	651
2	1514	135	651
2	1530	135	651
2	1546	135	651
2	1562	135	652

6	1450	119	656
6	1466	119	657
6	1482	119	657
6	1498	119	657
6	1514	119	657
6	1530	119	657
6	1546	119	657
6	1562	119	658



#bóng đen
2	1578	143	1071
2	1578	135	1071
2	1578	127	1072

#đường thủng 2

#gạch cứng

1	1742	71	5081
1	1758	71	5081	

#đường mới thủng 2
1	1796	150	601
1	1812	150	602
1	1828	150	602
1	1844	150	602
1	1860	150	603


# đống gạch cứng
1	1828	134	5081
1	1844	134	5081
1	1860	134	5081

1	1844	118	5081
1	1860	118	5081

1	1860	102	5081

#thủng 3

#đường mới
1	1940	150	601
1	1956	150	602
1	1972	150	602
1	1988	150	602
1	2004	150	602
1	2020	150	602
1	2036	150	602
1	2052	150	602
1	2068	150	602
1	2084	150	602
1	2100	150	602
1	2116	150	602
1	2132	150	602
1	2148	150	602
1	2164	150	602
1	2180	150	602
1	2196	150	602
1	2212	150	602
1	2228	150	602
1	2244	150	602
1	2260	150	602
1	2276	150	602
1	2292	150	602
1	2308	150	602
1	2324	150	602
1	2340	150	602
1	2356	150	602
1	2372	150	602
1	2388	150	602
1	2404	150	602
1	2420	150	602
1	2436	150	602
1	2452	150	602
1	2468	150	602
1	2484	150	602
1	2500	150	602
1	2516	150	602
1	2532	150	602
1	2548	150	602
1	2564	150	603


# đống gạch cứng
1	1940	134	5081
1	1956	134	5081
1	1972	134	5081

1	1940	118	5081
1	1956	118	5081

1	1940	102	5081

#3 cây
2	2004	135	1051
2	2020	135	1051
2	2036	135	1051

#ống có cây
#hoa k bắn
8	2084	103	888

1	2069	135	540
1	2084	135	541
1	2100	135	542

1	2068	119	543
1	2084	119	544
1	2100	119	545


1	2068	103	546
1	2084	103	547
1	2100	103	548

#ống có cây to
#hoa xanh bắn
8	2190	135	88

1	2175	135	540
1	2190	135	541
1	2206	135	542

1	2175	119	540
1	2190	119	541
1	2206	119	542

1	2175	119	540
1	2190	119	541
1	2206	119	542

1	2174	103	543
1	2190	103	544
1	2206	103	545

1	2174	87	546
1	2190	87	547
1	2206	87	548



#9	2190	55	208
#đám cây 
2	2223	135	1001
2	2238	135	1005
2	2254	135	1007
2	2270	135	1004


2	2238	119	1003
2	2254	119	1006
2	2270	119	1002

2	2239	103	1001
2	2254	103	1002

# đống gạch vỡ bức tường
5	2286	135	5
5	2302	135	5
5	2318	135	5
5	2334	135	5
5	2350	135	5
5	2366	135	5
5	2382	135	5

5	2302	119	5
5	2318	119	5
5	2334	119	5
5	2350	119	5
5	2366	119	5

5	2318	103	5
5	2334	103	5
5	2350	103	5

3	2366.5	103	396
5	2366	103	5


#chuông chữ p
15	2366	87	15

5	2430	135	5
5	2446	135	5

5	2430	119	5

#gạch xanh lá to
2	2510	135	650
2	2526	135	651
2	2542	135	652
2	2510	119	653
2	2526	119	654
2	2542	119	655
2	2510	103	653
2	2526	103	654
2	2542	103	655
2	2510	87	653
2	2526	87	654
2	2542	87	655
2	2510	71	653
2	2526	71	654
2	2542	71	655
2	2510	55	653
2	2526	55	654
2	2542	55	655

2	2510	39	653
2	2526	39	654
2	2542	39	655
	
6	2510	23	656
6	2526	23	657
6	2542	23	658

2	2558	135	1072
2	2558	119	1072
2	2558	103	1072
2	2558	87	1072
2	2558	71	1072
2	2558	55	1072
2	2558	39	1072


#gạch hồng

2	2478	135	620
2	2494	135	621
2	2510	135	622

2	2478	119	623
2	2494	119	624
2	2510	119	625

6	2478	103	626
6	2494	103	627
6	2510	103	628

#bóng đen

2	2526	143	1071
2	2526	135	1071
2	2526	127	1072
2	2526	119	1073
2	2526	111	1072


#khúc đường thủng 4:

1	2606	150	601
1	2622	150	602
1	2638	150	602
1	2654	150	602
1	2670	150	602
1	2686	150	602
1	2702	150	602
1	2718	150	602
1	2734	150	602
1	2750	150	602
1	2766	150	602
1	2782	150	602
1	2798	150	602
1	2814	150	602
1	2830	150	602
1	2846	150	602
1	2862	150	602
1	2878	150	602
1	2894	150	602
1	2910	150	602
1	2926	150	602
1	2942	150	602
1	2958	150	602
1	2974	150	602
1	2990	150	602
1	3006	150	602
1	3022	150	602
1	3038	150	602
1	3054	150	602
1	3070	150	602
1	3086	150	602
1	3102	150	602
1	3118	150	602
1	3134	150	602
1	3150	150	602
1	3166	150	602
1	3182	150	602
1	3198	150	602
1	3214	150	602
1	3230	150	603

#ống khói:
1	2607	135	540
1	2622	135	542

1	2607	119	540
1	2622	119	542

1	2607	103	5081
1	2622	103	5081

1	2607	39	5081
1	2622	39	5081

1	2607	23	540
1	2622	23	542

1	2607	7	540
1	2622	7	542
1	2607	-9	540
1	2622	-9	542

# ống tiếp
1	2671	135	543
1	2686	135	545

1	2671	119	546
1	2686	119	548

#cây
2	2734	135	1003
2	2750	135	1007
2	2766	135	1007
2	2782	135	1007
2	2798	135	1007
2	2814	135	1004

2	2734	119	1003
2	2750	119	1007
2	2766	119	1007
2	2782	119	1007
2	2798	119	1006
2	2814	119	1002

2	2734	103	1003
2	2750	103	1007
2	2766	103	1007
2	2782	103	1007
2	2798	103	1004

2	2735	87	1001
2	2750	87	1005
2	2766	87	1007
2	2782	87	1007
2	2798	87	1004

2	2751	71	1001
2	2766	71	1005
2	2782	71	1007
2	2798	71	1004

2	2766	55	1003
2	2782	55	1007
2	2798	55	1004

2	2766	39	1003
2	2782	39	1006
2	2798	39	1002

2	2767	23	1001
2	2782	23	1002

#khúc đen tam giác
2	2862	135	8801
2	2862	119	8801
2	2862	119	8801
2	2862	103	8801
2	2862	87	8801
2	2862	71	8801
2	2862	55	8801
2	2862	39	8801
2	2862	23	8801
2	2862	7	8801
2	2862	-9	8801
2	2862	-25	8801
2	2862	-41	8801
2	2862	-57	8801
2	2862	-73	8801

2	2878	135	8802
2	2894	135	8802
2	2910	135	8802
2	2926	135	8802
2	2942	135	88006
2	2958	135	88005
2	2974	135	8802
2	2990	135	8802
2	3006	135	88004
2	3022	135	8802
2	3038	135	8802
2	3054	135	8802
2	3070	135	8802
2	3086	135	8802
2	3102	135	8802
2	3118	135	88006
2	3134	135	88005
2	3150	135	88004
2	3166	135	8802
2	3182	135	8802

2	2878	119	8802
2	2894	119	8802
2	2910	119	8802
2	2926	119	8802
2	2942	119	8802
2	2958	119	88003
2	2974	119	8802
2	2990	119	88006
2	3006	119	88002
2	3022	119	8802
2	3038	119	8802
2	3054	119	8802
2	3070	119	8802
2	3086	119	8802
2	3102	119	8802
2	3118	119	8802
2	3134	119	88003
2	3150	119	88004
2	3166	119	8802
2	3182	119	8802

2	2878	103	8802
2	2894	103	8802
2	2910	103	8802
2	2926	103	8802
2	2942	103	8802
2	2958	103	88003
2	2974	103	8802
2	2990	103	88004
2	3006	103	8802
2	3022	103	8802
2	3038	103	8802
2	3054	103	8802
2	3070	103	8802
2	3086	103	8802
2	3102	103	8802
2	3118	103	8802
2	3134	103	88001
2	3150	103	88002
2	3166	103	8802
2	3182	103	8802

2	2878	87	8802
2	2894	87	8802
2	2910	87	8802
2	2926	87	8802
2	2942	87	8802
2	2958	87	88003
2	2974	87	88006
2	2990	87	88002
2	3006	87	8802
2	3022	87	8802
2	3038	87	8802
2	3054	87	8802
2	3070	87	8802
2	3086	87	8802
2	3102	87	8802
2	3118	87	8802
2	3134	87	8802
2	3150	87	8802
2	3166	87	8802
2	3182	87	8802

2	2878	71	8802
2	2894	71	8802
2	2910	71	8802
2	2926	71	8802
2	2942	71	8802
2	2958	71	88001
2	2974	71	88002
2	2990	71	8802
2	3006	71	8802
2	3022	71	8802
2	3038	71	8802
2	3054	71	8802
2	3070	71	8802
2	3086	71	8802
2	3102	71	8802
2	3118	71	8802
2	3134	71	8802
2	3150	71	8802
2	3166	71	8802
2	3182	71	8802

2	2878	55	8802
2	2894	55	8802
2	2910	55	8802
2	2926	55	8802
2	2942	55	8802
2	2958	55	8802
2	2974	55	8802
2	2990	55	8802
2	3006	55	8802
2	3022	55	8802
2	3038	55	8802
2	3054	55	8802
2	3070	55	8802
2	3086	55	8802
2	3102	55	8802
2	3118	55	8802
2	3134	55	8802
2	3150	55	8802
2	3166	55	8802
2	3182	55	8802

2	2878	39	8802
2	2894	39	8802
2	2910	39	8802
2	2926	39	8802
2	2942	39	8802
2	2958	39	8802
2	2974	39	8802
2	2990	39	8802
2	3006	39	8802
2	3022	39	8802
2	3038	39	8802
2	3054	39	8802
2	3070	39	8802
2	3086	39	8802
2	3102	39	8802
2	3118	39	8802
2	3134	39	8802
2	3150	39	8802
2	3166	39	8802
2	3182	39	8802

2	2878	23	8802
2	2894	23	8802
2	2910	23	8802
2	2926	23	8802
2	2942	23	8802
2	2958	23	8802
2	2974	23	8802
2	2990	23	8802
2	3006	23	8802
2	3022	23	8802
2	3038	23	8802
2	3054	23	8802
2	3070	23	8802
2	3086	23	8802
2	3102	23	8802
2	3118	23	8802
2	3134	23	8802
2	3150	23	8802
2	3166	23	8802
2	3182	23	8802

2	2878	7	8802
2	2894	7	8802
2	2910	7	8802
2	2926	7	8802
2	2942	7	8802
2	2958	7	8802
2	2974	7	8802
2	2990	7	8802
2	3006	7	8802
2	3022	7	8802
2	3038	7	8802
2	3054	7	8802
2	3070	7	8802
2	3086	7	8802
2	3102	7	8802
2	3118	7	8802
2	3134	7	8802
2	3150	7	8802
2	3166	7	8802
2	3182	7	8802

2	2878	-9	8802
2	2894	-9	8802
2	2910	-9	8802
2	2926	-9	8802
2	2942	-9	8802
2	2958	-9	8802
2	2974	-9	8802
2	2990	-9	8802
2	3006	-9	8802
2	3022	-9	8802
2	3038	-9	8802
2	3054	-9	8802
2	3070	-9	8802
2	3086	-9	8802
2	3102	-9	8802
2	3118	-9	8802
2	3134	-9	8802
2	3150	-9	8802
2	3166	-9	8802
2	3182	-9	8802


#nấm


#bóng:
11	100	100	208

#bóng hoa
9	409	70	208

#goomba
4	250	100	4
4	1000	100	4
14	1095	100	14
4	920	100	4 
4	600	80	4  
#mario
0	50.0	0	1

#koopas 
7	600	80	7
16	1642	80	100
17	1580	52	200	
17	1480	50	200
# --- SCENE PORTAL ----
# type	l	t	ani_set_id	r	b	scene_id
50	300	98	0	316	150	3	
